{
  "camera_angle_x": 0.9275031626807017,
  "camera_angle_y": 1.1751864573783524,
  "fl_x": 3471.09770771638,
  "fl_y": 3483.0885831872647,
  "k1": 0.034326382072300814,
  "k2": -0.036009189847087675,
  "k3": 0,
  "k4": 0,
  "p1": -0.0009436073412848094,
  "p2": 0.0003174435486985337,
  "is_fisheye": false,
  "cx": 1747.1679960363658,
  "cy": 2323.9592521273767,
  "w": 3472.0,
  "h": 4640.0,
  "aabb_scale": 32,
  "frames": [
    {
      "file_path": "./images/IMG_20240119_020148.jpg",
      "sharpness": 95.51276064242762,
      "transform_matrix": [
        [
          -0.8669932476846709,
          -0.1392120691519341,
          0.4784795798116226,
          0.7941617642607143
        ],
        [
          0.4952025547617209,
          -0.13345784615612713,
          0.8584657436728523,
          3.362317076970469
        ],
        [
          -0.05565193832140378,
          0.9812283134569926,
          0.18464522376560477,
          0.864351320569068
        ],
        [
          0.0,
          0.0,
          0.0,
          1.0
        ]
      ]
    },
    {
      "file_path": "./images/IMG_20240119_020139.jpg",
      "sharpness": 71.9285524321424,
      "transform_matrix": [
        [
          -0.5180177978317028,
          0.7893066001998137,
          -0.3296250173085893,
          -2.2867084941511973
        ],
        [
          -0.530362963942127,
          0.005957217737247722,
          0.8477497496539315,
          3.633507983902233
        ],
        [
          0.671098120719339,
          0.6139703595973651,
          0.41553304312760386,
          1.923049529276118
        ],
        [
          0.0,
          0.0,
          0.0,
          1.0
        ]
      ]
    },
    {
      "file_path": "./images/IMG_20240119_020150.jpg",
      "sharpness": 67.23031456063843,
      "transform_matrix": [
        [
          -0.7069039330653162,
          -0.22840655081539915,
          0.6694156235004398,
          1.4209750548653504
        ],
        [
          0.6891230084156311,
          -0.009169310027840095,
          0.7245863668526715,
          3.240146634150481
        ],
        [
          -0.1593621934313248,
          0.9735226609207097,
          0.16388203076192093,
          0.8852313201997187
        ],
        [
          0.0,
          0.0,
          0.0,
          1.0
        ]
      ]
    },
    {
      "file_path": "./images/IMG_20240119_020152.jpg",
      "sharpness": 73.55746557369768,
      "transform_matrix": [
        [
          -0.3544104442894968,
          -0.41067106853544244,
          0.8400848233789028,
          2.304554135237898
        ],
        [
          0.8467049164305549,
          0.24033443472760566,
          0.47468952377258145,
          2.7372588155308457
        ],
        [
          -0.39684256510027544,
          0.8795388751934216,
          0.2625401789748726,
          1.168630058930019
        ],
        [
          0.0,
          0.0,
          0.0,
          1.0
        ]
      ]
    },
    {
      "file_path": "./images/IMG_20240119_020140.jpg",
      "sharpness": 79.48579373689611,
      "transform_matrix": [
        [
          -0.6423683365999175,
          0.7288955968253077,
          -0.236799765809884,
          -1.6440708900266237
        ],
        [
          -0.42134252720366455,
          -0.07778111907578705,
          0.9035599439372562,
          3.78429220817125
        ],
        [
          0.6401823138220107,
          0.680192109972863,
          0.3570788409135921,
          1.6137024384408323
        ],
        [
          0.0,
          0.0,
          0.0,
          1.0
        ]
      ]
    },
    {
      "file_path": "./images/IMG_20240119_020143.jpg",
      "sharpness": 90.94484726265185,
      "transform_matrix": [
        [
          -0.8508382862056573,
          0.5218514761200685,
          -0.06119842827236799,
          -1.1869612418788944
        ],
        [
          -0.20835440899447172,
          -0.228172565518952,
          0.9510655711358782,
          3.7986094966896387
        ],
        [
          0.48235116979960024,
          0.8219539629685355,
          0.30286801049518314,
          1.3883709170520393
        ],
        [
          0.0,
          0.0,
          0.0,
          1.0
        ]
      ]
    },
    {
      "file_path": "./images/IMG_20240119_020227.jpg",
      "sharpness": 137.4244808201424,
      "transform_matrix": [
        [
          -0.1369100625761397,
          -0.5655913008551754,
          0.8132417323203667,
          4.700146159825052
        ],
        [
          0.7846127565403287,
          0.439227831601735,
          0.4375634059465844,
          0.9462027026497034
        ],
        [
          -0.6046804586310631,
          0.6979866706186907,
          0.38363543972943404,
          1.0704071066039489
        ],
        [
          0.0,
          0.0,
          0.0,
          1.0
        ]
      ]
    },
    {
      "file_path": "./images/IMG_20240119_020146.jpg",
      "sharpness": 75.87927215997065,
      "transform_matrix": [
        [
          -0.9234573885027186,
          -0.0204477396291695,
          0.3831557667436052,
          0.19867583870547598
        ],
        [
          0.3806768490448129,
          -0.17394912863225612,
          0.908199778271467,
          3.4683276554682183
        ],
        [
          0.04807897915810955,
          0.9845423254586221,
          0.16841858915118776,
          0.8755614630422391
        ],
        [
          0.0,
          0.0,
          0.0,
          1.0
        ]
      ]
    },
    {
      "file_path": "./images/IMG_20240119_020145.jpg",
      "sharpness": 66.88181858415223,
      "transform_matrix": [
        [
          -0.9650038101503148,
          0.2197586361796296,
          0.14308664593499926,
          -0.5762835283452924
        ],
        [
          0.07917047577344383,
          -0.2760317285792885,
          0.9578823104047219,
          3.8793323908881625
        ],
        [
          0.24999936436918463,
          0.9356883170516428,
          0.2489732740197261,
          1.1657415231005477
        ],
        [
          0.0,
          0.0,
          0.0,
          1.0
        ]
      ]
    },
    {
      "file_path": "./images/IMG_20240119_020251.jpg",
      "sharpness": 152.4518045840742,
      "transform_matrix": [
        [
          -0.9770199642119861,
          0.14138641593392207,
          0.15950508125339458,
          3.0252735897394762
        ],
        [
          0.11082246873633955,
          -0.3022706181291625,
          0.946758075667669,
          2.987166824831505
        ],
        [
          0.18207243058035444,
          0.9426782880867265,
          0.27965563684730915,
          0.4806550642379848
        ],
        [
          0.0,
          0.0,
          0.0,
          1.0
        ]
      ]
    },
    {
      "file_path": "./images/IMG_20240119_020247.jpg",
      "sharpness": 107.00691678639494,
      "transform_matrix": [
        [
          -0.7604974199046525,
          0.6425690449570644,
          -0.09353446854724543,
          1.6766591866415348
        ],
        [
          -0.26227178953266356,
          -0.1721922294001262,
          0.9495068954739081,
          2.4911437123269735
        ],
        [
          0.5940178303399102,
          0.7466289966384565,
          0.29947947950561005,
          0.9723553912093776
        ],
        [
          0.0,
          0.0,
          0.0,
          1.0
        ]
      ]
    },
    {
      "file_path": "./images/IMG_20240119_020253.jpg",
      "sharpness": 84.3713609119071,
      "transform_matrix": [
        [
          -0.8384256594770894,
          -0.2691847757269141,
          0.4739008019325791,
          3.9348018081441003
        ],
        [
          0.5150663258465826,
          -0.10707259642899665,
          0.8504364403503684,
          2.7436324998466284
        ],
        [
          -0.17818275315300414,
          0.9571180782112689,
          0.22842042568040383,
          0.4222568530683137
        ],
        [
          0.0,
          0.0,
          0.0,
          1.0
        ]
      ]
    },
    {
      "file_path": "./images/IMG_20240119_020155.jpg",
      "sharpness": 56.488089134032585,
      "transform_matrix": [
        [
          -0.19182405155468302,
          -0.4529424353014674,
          0.8706587641397779,
          1.7579191356754118
        ],
        [
          0.8519804762485237,
          0.36350850420720704,
          0.3768167133545545,
          1.9307272302689633
        ],
        [
          -0.48716814483645304,
          0.8140667771709491,
          0.3161684376897014,
          1.2690805918783334
        ],
        [
          0.0,
          0.0,
          0.0,
          1.0
        ]
      ]
    },
    {
      "file_path": "./images/IMG_20240119_020213.jpg",
      "sharpness": 52.162877153536684,
      "transform_matrix": [
        [
          -0.3386785101797644,
          -0.4986070194804167,
          0.7979272566420788,
          1.5211188920147332
        ],
        [
          0.7836009466576648,
          0.31996236043334003,
          0.5325351108669624,
          2.105552551112675
        ],
        [
          -0.5208324328873483,
          0.8056147516355245,
          0.28234455692984683,
          1.0184570656246863
        ],
        [
          0.0,
          0.0,
          0.0,
          1.0
        ]
      ]
    },
    {
      "file_path": "./images/IMG_20240119_020255.jpg",
      "sharpness": 96.13846821001952,
      "transform_matrix": [
        [
          -0.5923888003943786,
          -0.4587048117403017,
          0.662318205154204,
          4.6149552388314605
        ],
        [
          0.7012735405104195,
          0.11110679289141645,
          0.7041808730406669,
          2.175685594043947
        ],
        [
          -0.39659920644752317,
          0.8816150953142219,
          0.25585912762167395,
          0.6830769231519926
        ],
        [
          0.0,
          0.0,
          0.0,
          1.0
        ]
      ]
    }
  ]
}